15294080
15744500
09510200
02266025
02266026
02290878
02290918
02310673
02310674
02310689
02313272
251549080251200
252230081021300
252551081050900
265906080093500
02198980
02231254
05527910
404753091053001
073802516
073816501
073816525
01579550
04127885
01407500
01408029
09367580
01417000
0421964005
04247055
07176321
01447800
01470960
01472104
01554000
01572025
01576980
03039000
03039040
03039041
03049640
03049641
03072656
03085000
03085002
03108500
394337079544201
02171905
08067252
08162506
04280000
01484746
01670080
12399500
